2 0.114352 0.350926 0.117593 0.068519
2 0.277315 0.383333 0.082407 0.057407
2 0.406481 0.364815 0.087037 0.061111
2 0.542593 0.386574 0.098148 0.063889
2 0.679630 0.365741 0.092593 0.059259
2 0.906019 0.363889 0.110185 0.072222
1 0.908333 0.384722 0.068519 0.025000
1 0.681019 0.391204 0.058333 0.019444
1 0.543981 0.412037 0.062037 0.022222
1 0.411111 0.387037 0.057407 0.020370
1 0.286111 0.407407 0.046296 0.020370
1 0.119444 0.384259 0.055556 0.020370
3 0.101852 0.709722 0.200000 0.573148
0 0.272685 0.569907 0.152778 0.252778
0 0.416204 0.542130 0.175000 0.228704
0 0.575000 0.573148 0.148148 0.253704
0 0.718056 0.569444 0.215741 0.261111
0 0.917593 0.571759 0.164815 0.265741
