2 0.147829 0.417126 0.049310 0.050551
2 0.206879 0.401348 0.045657 0.055760
2 0.284395 0.412224 0.052963 0.042586
2 0.440645 0.422488 0.049310 0.050245
2 0.362317 0.431219 0.037541 0.048100
2 0.515625 0.422641 0.039773 0.039522
2 0.588068 0.449908 0.036932 0.041360
2 0.661932 0.449449 0.036932 0.044730
2 0.712358 0.430760 0.052151 0.055760
2 0.798600 0.412684 0.039164 0.041667
2 0.900061 0.440564 0.043628 0.051471
2 0.717837 0.613971 0.038352 0.045956
2 0.618405 0.609681 0.045657 0.048407
2 0.534091 0.587316 0.046266 0.055760
2 0.444501 0.612439 0.038352 0.049020
2 0.350751 0.566483 0.039164 0.042892
2 0.236201 0.615196 0.063718 0.069853
1 0.244825 0.655025 0.031859 0.016544
1 0.533279 0.612439 0.033279 0.016544
1 0.617390 0.642616 0.024554 0.013174
1 0.722200 0.644608 0.026786 0.011029
1 0.289468 0.425398 0.028206 0.018689
1 0.209010 0.416054 0.032468 0.026348
0 0.143364 0.561428 0.089894 0.196998
0 0.215097 0.535386 0.081169 0.166360
0 0.285816 0.545803 0.070414 0.176164
0 0.358665 0.550092 0.072443 0.167586
0 0.435471 0.545037 0.076705 0.172794
0 0.514103 0.551164 0.068791 0.165441
0 0.597808 0.570312 0.073864 0.159620
0 0.667106 0.582874 0.068791 0.158395
0 0.723620 0.572457 0.064529 0.170650
0 0.806514 0.548407 0.089894 0.181373
0 0.902597 0.588388 0.073052 0.195772
0 0.722098 0.736060 0.083401 0.141238
0 0.621043 0.718444 0.065138 0.132353
0 0.531960 0.719056 0.072443 0.164216
0 0.442776 0.722886 0.073864 0.152267
0 0.356838 0.712010 0.083401 0.167279
0 0.231128 0.736060 0.088474 0.167586
