2 0.470703 0.154948 0.050781 0.057292
2 0.654297 0.347005 0.080078 0.069010
2 0.609375 0.131510 0.058594 0.041667
2 0.760742 0.156901 0.060547 0.053385
2 0.915039 0.195312 0.070312 0.075521
2 0.818848 0.311849 0.084961 0.066406
2 0.345703 0.169922 0.054688 0.055990
2 0.199707 0.179036 0.081055 0.074219
2 0.074219 0.186198 0.058594 0.067708
2 0.136230 0.353516 0.102539 0.074219
2 0.287598 0.329427 0.110352 0.091146
2 0.492676 0.337891 0.086914 0.076823
3 0.072266 0.479818 0.128906 0.493490
3 0.205078 0.476562 0.123047 0.492188
3 0.144043 0.634766 0.172852 0.389323
3 0.303711 0.620443 0.158203 0.428385
3 0.481934 0.615885 0.168945 0.421875
3 0.655273 0.639974 0.158203 0.433594
3 0.813477 0.608724 0.164062 0.441406
3 0.911621 0.494792 0.153320 0.471354
3 0.748047 0.483073 0.152344 0.533854
3 0.595215 0.462891 0.139648 0.519531
3 0.472656 0.462891 0.119141 0.470052
3 0.338379 0.468750 0.120117 0.476562
